1341234248635 0.031250000000 -0.125000000000 0.875000000000
1341234248655 0.031250000000 -0.125000000000 0.906250000000
1341234248675 0.031250000000 -0.125000000000 0.875000000000
1341234248695 0.031250000000 -0.125000000000 0.875000000000
1341234248715 0.031250000000 -0.125000000000 0.906250000000
1341234248735 0.031250000000 -0.125000000000 0.906250000000
1341234248755 0.062500000000 -0.125000000000 0.906250000000
1341234248775 0.031250000000 -0.125000000000 0.906250000000
1341234248795 -0.093750000000 -0.093750000000 0.625000000000
1341234248811 0.031250000000 -0.156250000000 0.781250000000
1341234248831 0.156250000000 -0.156250000000 0.968750000000
1341234248851 0.000000000000 -0.156250000000 0.937500000000
1341234248871 -0.093750000000 -0.187500000000 1.000000000000
1341234248891 0.000000000000 -0.031250000000 0.500000000000
1341234248911 0.656250000000 -0.187500000000 0.812500000000
1341234248931 0.218750000000 -0.125000000000 0.843750000000
1341234248951 0.000000000000 -0.375000000000 0.906250000000
1341234248983 -0.187500000000 -0.031250000000 0.875000000000
1341234249003 -0.437500000000 0.406250000000 1.500000000000
1341234249023 -0.500000000000 -0.062500000000 1.031250000000
1341234249043 -0.500000000000 -0.093750000000 1.656250000000
1341234249063 -0.343750000000 -0.281250000000 1.468750000000
1341234249083 -0.187500000000 -0.062500000000 0.218750000000
1341234249103 -0.187500000000 0.281250000000 0.875000000000
1341234249123 -0.156250000000 0.312500000000 0.812500000000
1341234249123 -0.156250000000 0.468750000000 0.781250000000
1341234249143 -0.062500000000 0.343750000000 0.843750000000
1341234249163 -0.062500000000 0.156250000000 0.750000000000
1341234249183 -0.187500000000 0.062500000000 0.687500000000
1341234249203 -0.531250000000 0.031250000000 0.718750000000
1341234249223 -0.750000000000 0.000000000000 0.687500000000
1341234249243 -0.656250000000 0.000000000000 0.687500000000
1341234249263 -0.562500000000 0.093750000000 0.656250000000
1341234249279 -0.718750000000 0.093750000000 0.593750000000
1341234249299 -0.781250000000 0.156250000000 0.468750000000
1341234249319 -0.875000000000 0.156250000000 0.500000000000
1341234249339 -0.843750000000 0.093750000000 0.593750000000
1341234249359 -0.500000000000 0.093750000000 0.562500000000
1341234249379 -0.218750000000 0.156250000000 0.312500000000
1341234249399 -0.187500000000 0.125000000000 0.250000000000
1341234249419 -0.593750000000 0.156250000000 0.125000000000
1341234249435 -0.843750000000 -0.125000000000 0.218750000000
1341234249455 -1.000000000000 -0.031250000000 0.281250000000
1341234249475 -1.156250000000 -0.125000000000 0.312500000000
1341234249495 -1.156250000000 -0.187500000000 0.375000000000
1341234249515 -1.406250000000 -0.187500000000 0.500000000000
1341234249535 -1.656250000000 -0.343750000000 0.656250000000
1341234249555 -1.500000000000 -0.375000000000 0.500000000000
1341234249575 -0.968750000000 -0.343750000000 0.312500000000
1341234249571 -0.500000000000 -0.187500000000 0.375000000000
1341234249591 -0.562500000000 -0.187500000000 0.000000000000
1341234249611 -0.656250000000 0.312500000000 -0.125000000000
1341234249631 -0.812500000000 0.281250000000 -0.062500000000
1341234249651 -0.750000000000 0.281250000000 0.000000000000
1341234249671 -0.656250000000 0.375000000000 -0.062500000000
1341234249691 -0.906250000000 0.125000000000 -0.031250000000
1341234249711 -1.062500000000 0.062500000000 0.093750000000
1341234249731 -1.125000000000 0.031250000000 -0.031250000000
1341234249763 -0.968750000000 0.125000000000 -0.312500000000
1341234249783 -0.937500000000 0.281250000000 -0.468750000000
1341234249803 -0.812500000000 0.281250000000 -0.406250000000
1341234249823 -0.437500000000 0.312500000000 -0.343750000000
1341234249843 -0.531250000000 0.062500000000 -0.093750000000
1341234249863 -0.375000000000 0.062500000000 -0.187500000000
1341234249883 -0.468750000000 0.375000000000 -0.343750000000
1341234249903 -0.843750000000 0.375000000000 -0.406250000000
1341234249899 -1.093750000000 0.250000000000 -0.250000000000
1341234249919 -1.281250000000 0.312500000000 -0.093750000000
1341234249939 -1.062500000000 0.187500000000 -0.031250000000
1341234249959 -0.843750000000 0.125000000000 -0.125000000000
1341234249979 -0.937500000000 0.218750000000 -0.125000000000
1341234249999 -1.156250000000 0.125000000000 -0.031250000000
1341234250019 -1.375000000000 -0.031250000000 0.343750000000
1341234250039 -1.125000000000 -0.093750000000 0.343750000000
1341234250059 -0.906250000000 -0.156250000000 0.562500000000
1341234250075 -0.843750000000 -0.062500000000 0.687500000000
1341234250095 -0.968750000000 0.093750000000 0.625000000000
1341234250115 -1.031250000000 -0.031250000000 0.312500000000
1341234250135 -0.906250000000 -0.312500000000 0.031250000000
1341234250155 -1.031250000000 0.156250000000 -0.093750000000
1341234250175 -0.593750000000 0.406250000000 0.343750000000
1341234250195 -0.718750000000 0.218750000000 0.593750000000
1341234250215 -0.781250000000 0.187500000000 0.531250000000
1341234250251 -0.843750000000 0.156250000000 0.437500000000
1341234250271 -0.781250000000 -0.062500000000 0.375000000000
1341234250291 -0.781250000000 0.000000000000 0.250000000000
1341234250311 -0.687500000000 0.093750000000 0.375000000000
1341234250331 -0.531250000000 -0.062500000000 0.468750000000
1341234250351 -0.250000000000 0.062500000000 0.312500000000
1341234250371 -0.531250000000 0.000000000000 0.250000000000
1341234250382 -0.937500000000 -0.093750000000 1.093750000000
1341234250402 -1.000000000000 0.031250000000 1.218750000000
1341234250422 -1.000000000000 -0.125000000000 0.656250000000
1341234250442 -0.906250000000 -0.093750000000 0.312500000000
1341234250462 -0.906250000000 0.062500000000 0.343750000000
1341234250482 -1.031250000000 0.312500000000 0.250000000000
1341234250502 -1.218750000000 0.062500000000 0.062500000000
1341234250522 -0.906250000000 0.375000000000 0.468750000000
1341234250542 -1.000000000000 0.437500000000 0.468750000000
1341234250554 -1.062500000000 0.437500000000 0.437500000000
1341234250574 -0.937500000000 0.406250000000 0.406250000000
1341234250594 -0.687500000000 0.437500000000 0.437500000000
1341234250614 -0.500000000000 0.437500000000 0.625000000000
1341234250634 -0.718750000000 0.343750000000 0.687500000000
1341234250654 -0.750000000000 0.312500000000 1.000000000000
1341234250674 -0.500000000000 0.125000000000 0.968750000000
1341234250694 -0.500000000000 0.031250000000 0.875000000000
1341234250714 -0.468750000000 0.093750000000 0.812500000000
1341234250725 -0.468750000000 0.250000000000 0.625000000000
1341234250745 -0.625000000000 0.375000000000 0.468750000000
1341234250765 -0.875000000000 0.468750000000 0.531250000000
1341234250785 -1.000000000000 0.625000000000 0.406250000000
1341234250805 -1.281250000000 0.750000000000 0.187500000000
1341234250825 -1.125000000000 0.843750000000 0.187500000000
1341234250845 -0.750000000000 0.968750000000 0.093750000000
1341234250865 -0.781250000000 1.093750000000 -0.031250000000
1341234250885 -0.687500000000 1.062500000000 0.281250000000
1341234250901 -0.031250000000 0.812500000000 0.687500000000
1341234250921 -0.218750000000 0.343750000000 1.062500000000
1341234250941 -0.187500000000 0.281250000000 0.843750000000
1341234250961 -0.093750000000 0.281250000000 0.812500000000
1341234250981 -0.187500000000 0.218750000000 0.843750000000
1341234251000 -0.343750000000 0.312500000000 0.593750000000
1341234251021 -0.437500000000 0.406250000000 0.562500000000
1341234251041 -0.593750000000 0.625000000000 0.531250000000
1341234251057 -0.562500000000 0.968750000000 0.343750000000
1341234251077 -0.625000000000 1.000000000000 0.156250000000
1341234251097 -0.687500000000 1.062500000000 0.093750000000
1341234251117 -0.843750000000 1.062500000000 0.000000000000
1341234251137 -0.781250000000 1.125000000000 0.062500000000
1341234251157 -0.531250000000 1.312500000000 0.000000000000
1341234251177 -0.156250000000 1.312500000000 0.000000000000
1341234251197 -0.125000000000 1.000000000000 0.312500000000
1341234251213 -0.093750000000 0.843750000000 0.343750000000
1341234251233 -0.250000000000 0.406250000000 0.500000000000
1341234251253 -0.281250000000 0.125000000000 0.718750000000
1341234251273 -0.250000000000 0.343750000000 0.656250000000
1341234251293 0.281250000000 1.062500000000 0.593750000000
1341234251313 -0.062500000000 0.906250000000 0.156250000000
1341234251333 -0.343750000000 1.031250000000 -0.156250000000
1341234251353 -0.656250000000 0.750000000000 0.531250000000
1341234251354 -1.062500000000 0.531250000000 0.593750000000
1341234251374 -0.781250000000 0.562500000000 0.312500000000
1341234251394 -0.593750000000 0.843750000000 0.125000000000
1341234251414 -0.187500000000 0.750000000000 -0.312500000000
1341234251434 -0.406250000000 0.781250000000 0.468750000000
1341234251454 -0.437500000000 0.781250000000 0.812500000000
1341234251474 -1.375000000000 1.000000000000 1.250000000000
1341234251494 0.437500000000 0.906250000000 -0.218750000000
1341234251510 0.406250000000 0.781250000000 -1.156250000000
1341234251530 0.218750000000 0.843750000000 -1.156250000000
1341234251550 0.093750000000 0.906250000000 -0.718750000000
1341234251570 -0.906250000000 0.812500000000 0.375000000000
1341234251590 -0.937500000000 0.437500000000 2.656250000000
1341234251610 -0.125000000000 0.531250000000 0.812500000000
1341234251630 -0.781250000000 0.562500000000 -2.062500000000
1341234251650 0.031250000000 0.656250000000 -0.343750000000
1341234251666 -0.625000000000 1.343750000000 -0.531250000000
1341234251686 -0.500000000000 1.687500000000 -1.031250000000
1341234251706 -0.312500000000 1.500000000000 -0.875000000000
1341234251726 -0.312500000000 1.093750000000 -0.500000000000
1341234251746 -0.562500000000 0.875000000000 -0.375000000000
1341234251766 -0.218750000000 0.875000000000 -0.312500000000
1341234251786 -0.125000000000 0.718750000000 -0.312500000000
1341234251806 -0.093750000000 0.750000000000 -0.218750000000
1341234251817 -0.343750000000 0.656250000000 -0.093750000000
1341234251837 -0.656250000000 0.937500000000 -0.218750000000
1341234251857 -0.625000000000 0.875000000000 -0.218750000000
1341234251877 0.000000000000 1.125000000000 -0.218750000000
1341234251897 0.281250000000 1.250000000000 -0.218750000000
1341234251917 0.531250000000 1.031250000000 0.000000000000
1341234251937 0.562500000000 0.656250000000 0.593750000000
1341234251957 0.468750000000 0.625000000000 1.062500000000
1341234251977 0.250000000000 0.906250000000 1.031250000000
1341234251973 0.062500000000 1.031250000000 0.781250000000
1341234251993 -0.031250000000 1.031250000000 0.531250000000
1341234252013 0.062500000000 1.093750000000 0.218750000000
1341234252033 -0.031250000000 1.187500000000 -0.187500000000
1341234252053 -0.375000000000 1.125000000000 -0.437500000000
1341234252073 -0.687500000000 1.093750000000 -0.593750000000
1341234252093 -0.593750000000 1.125000000000 -0.500000000000
1341234252113 -0.343750000000 1.218750000000 -0.500000000000
1341234252133 -0.031250000000 1.218750000000 -0.593750000000
1341234252165 0.093750000000 1.187500000000 -0.562500000000
1341234252185 0.000000000000 1.093750000000 -0.437500000000
1341234252205 -0.281250000000 1.218750000000 -0.312500000000
1341234252225 -0.312500000000 1.312500000000 -0.437500000000
1341234252245 -0.218750000000 1.250000000000 -0.468750000000
1341234252265 0.093750000000 1.062500000000 -0.312500000000
1341234252285 0.437500000000 1.093750000000 -0.093750000000
1341234252305 0.531250000000 1.062500000000 0.187500000000
1341234252325 0.468750000000 1.031250000000 0.593750000000
1341234252345 0.281250000000 0.968750000000 0.875000000000
1341234252365 0.156250000000 0.875000000000 0.812500000000
1341234252385 -0.125000000000 0.906250000000 0.468750000000
1341234252405 -0.375000000000 1.000000000000 0.093750000000
1341234252425 -0.437500000000 1.000000000000 -0.187500000000
1341234252445 -0.312500000000 1.000000000000 -0.218750000000
1341234252446 -0.500000000000 1.062500000000 -0.343750000000
1341234252466 -1.250000000000 1.281250000000 -0.562500000000
1341234252486 -0.562500000000 1.687500000000 -1.250000000000
1341234252506 0.375000000000 1.218750000000 -0.687500000000
1341234252526 0.312500000000 1.375000000000 -0.625000000000
1341234252546 0.062500000000 1.375000000000 -0.218750000000
1341234252566 0.156250000000 1.218750000000 0.000000000000
1341234252586 0.093750000000 1.156250000000 -0.031250000000
1341234252617 0.156250000000 0.968750000000 -0.187500000000
1341234252637 0.468750000000 1.000000000000 -0.218750000000
1341234252657 0.781250000000 0.875000000000 -0.031250000000
1341234252677 0.718750000000 0.625000000000 0.593750000000
1341234252697 0.406250000000 0.625000000000 1.031250000000
1341234252717 0.312500000000 0.687500000000 1.156250000000
1341234252737 0.468750000000 0.750000000000 0.906250000000
1341234252757 0.406250000000 1.031250000000 0.406250000000
1341234252758 -0.125000000000 1.062500000000 0.031250000000
1341234252778 -0.250000000000 1.281250000000 -0.281250000000
1341234252798 -0.468750000000 1.218750000000 -0.343750000000
1341234252818 -0.656250000000 1.250000000000 -0.312500000000
1341234252838 -0.718750000000 1.250000000000 -0.500000000000
1341234252858 -0.437500000000 1.281250000000 -0.812500000000
1341234252878 0.187500000000 1.375000000000 -0.781250000000
1341234252898 0.125000000000 1.093750000000 -0.593750000000
1341234252914 -0.500000000000 1.406250000000 -0.656250000000
1341234252934 -0.093750000000 1.000000000000 -0.968750000000
1341234252954 0.156250000000 1.218750000000 -1.187500000000
1341234252974 0.500000000000 1.218750000000 -0.875000000000
1341234252994 0.031250000000 1.218750000000 -0.406250000000
1341234253014 -0.187500000000 0.812500000000 0.125000000000
1341234253034 0.406250000000 0.687500000000 0.843750000000
1341234253054 0.781250000000 0.937500000000 0.875000000000
1341234253070 0.625000000000 0.875000000000 0.812500000000
1341234253090 0.531250000000 0.718750000000 0.937500000000
1341234253110 0.187500000000 0.906250000000 0.781250000000
1341234253130 -0.156250000000 0.875000000000 0.593750000000
1341234253150 -0.375000000000 0.781250000000 0.781250000000
1341234253170 -0.250000000000 0.968750000000 0.968750000000
1341234253190 -0.062500000000 1.156250000000 0.718750000000
1341234253210 -0.187500000000 1.281250000000 0.156250000000
1341234253206 -0.250000000000 1.375000000000 -0.562500000000
1341234253226 -0.343750000000 1.281250000000 -1.000000000000
1341234253246 -0.187500000000 1.281250000000 -1.000000000000
1341234253266 -0.062500000000 1.281250000000 -0.937500000000
1341234253286 0.000000000000 1.187500000000 -0.937500000000
1341234253306 -0.218750000000 1.093750000000 -0.718750000000
1341234253326 -0.406250000000 1.062500000000 -0.687500000000
1341234253346 0.093750000000 1.125000000000 -0.968750000000
1341234253366 0.656250000000 1.125000000000 -0.750000000000
1341234253386 0.687500000000 1.062500000000 0.031250000000
1341234253406 0.406250000000 0.812500000000 0.218750000000
1341234253426 0.093750000000 0.531250000000 -0.031250000000
1341234253446 -0.062500000000 0.437500000000 0.062500000000
1341234253466 0.593750000000 0.687500000000 -0.125000000000
1341234253486 1.062500000000 1.031250000000 0.000000000000
1341234253506 0.781250000000 1.062500000000 1.000000000000
1341234253533 0.218750000000 1.093750000000 1.656250000000
1341234253553 0.062500000000 1.218750000000 1.312500000000
1341234253573 0.062500000000 1.468750000000 0.593750000000
1341234253593 -0.156250000000 1.500000000000 0.156250000000
1341234253613 -0.500000000000 1.375000000000 -0.093750000000
1341234253633 -0.531250000000 1.312500000000 -0.375000000000
1341234253653 -0.375000000000 1.218750000000 -0.718750000000
1341234253673 -0.343750000000 1.093750000000 -1.000000000000
1341234253693 -0.187500000000 0.937500000000 -0.687500000000
1341234253694 0.000000000000 0.843750000000 -0.312500000000
1341234253714 0.000000000000 0.875000000000 -0.437500000000
1341234253734 0.093750000000 1.000000000000 -0.812500000000
1341234253754 0.218750000000 1.062500000000 -0.656250000000
1341234253774 0.250000000000 1.093750000000 -0.375000000000
1341234253794 0.125000000000 1.093750000000 -0.250000000000
1341234253814 0.312500000000 1.125000000000 -0.125000000000
1341234253834 0.375000000000 1.062500000000 0.000000000000
1341234253850 0.187500000000 1.000000000000 0.000000000000
1341234253870 0.187500000000 0.968750000000 -0.187500000000
1341234253890 0.093750000000 0.968750000000 -0.468750000000
1341234253910 0.843750000000 1.500000000000 -1.156250000000
1341234253930 -0.187500000000 1.250000000000 0.937500000000
1341234253950 0.468750000000 1.468750000000 0.437500000000
1341234253970 -0.593750000000 0.875000000000 0.937500000000
1341234253990 0.375000000000 1.187500000000 0.625000000000
1341234254000 0.281250000000 0.781250000000 0.625000000000
1341234254021 -0.750000000000 0.437500000000 0.812500000000
1341234254041 -0.312500000000 1.031250000000 1.125000000000
1341234254061 -0.812500000000 1.187500000000 0.156250000000
1341234254081 -0.031250000000 1.156250000000 -1.250000000000
1341234254101 -0.937500000000 0.468750000000 -1.593750000000
1341234254121 -1.125000000000 0.593750000000 -0.156250000000
1341234254141 -0.281250000000 0.625000000000 0.875000000000
1341234254161 -0.312500000000 1.843750000000 -0.687500000000
1341234254177 0.375000000000 1.250000000000 -1.000000000000
1341234254197 1.625000000000 0.906250000000 -0.406250000000
1341234254217 -0.531250000000 1.000000000000 0.125000000000
1341234254237 -0.281250000000 0.812500000000 -0.593750000000
1341234254257 0.218750000000 0.906250000000 -1.125000000000
1341234254277 -0.062500000000 1.000000000000 -0.750000000000
1341234254297 0.531250000000 1.375000000000 -0.406250000000
1341234254317 0.281250000000 0.875000000000 0.093750000000
1341234254333 0.843750000000 1.187500000000 0.437500000000
1341234254353 0.718750000000 0.750000000000 0.093750000000
1341234254373 0.218750000000 0.843750000000 -0.593750000000
1341234254393 0.343750000000 0.968750000000 -0.312500000000
1341234254413 1.250000000000 1.156250000000 1.062500000000
1341234254433 -0.687500000000 1.062500000000 1.156250000000
1341234254453 0.531250000000 0.843750000000 0.718750000000
1341234254473 -0.156250000000 1.000000000000 0.375000000000
1341234254494 -0.468750000000 0.687500000000 0.625000000000
1341234254514 -0.281250000000 1.281250000000 0.812500000000
1341234254534 -0.875000000000 0.968750000000 0.031250000000
1341234254554 -0.718750000000 0.937500000000 -0.875000000000
1341234254574 -1.156250000000 0.843750000000 -1.125000000000
1341234254594 -0.812500000000 1.125000000000 -0.906250000000
1341234254614 -0.468750000000 0.937500000000 0.156250000000
1341234254625 0.156250000000 0.968750000000 0.125000000000
1341234254645 -0.031250000000 0.937500000000 -0.531250000000
1341234254665 -0.093750000000 0.937500000000 -0.968750000000
1341234254685 -0.031250000000 0.843750000000 -0.812500000000
1341234254705 0.000000000000 0.906250000000 -0.562500000000
1341234254725 0.187500000000 1.031250000000 -0.625000000000
1341234254745 0.343750000000 1.093750000000 -0.812500000000
1341234254765 0.375000000000 1.156250000000 -0.750000000000
1341234254785 0.437500000000 1.125000000000 -0.406250000000
1341234254786 0.343750000000 1.062500000000 -0.281250000000
1341234254806 0.312500000000 1.031250000000 -0.406250000000
1341234254826 0.531250000000 0.968750000000 -0.281250000000
1341234254846 0.625000000000 0.812500000000 0.093750000000
1341234254866 0.343750000000 1.375000000000 0.750000000000
1341234254886 -0.093750000000 1.375000000000 1.250000000000
1341234254906 0.281250000000 1.468750000000 0.625000000000
1341234254926 -0.156250000000 0.937500000000 0.187500000000
1341234254937 -0.218750000000 0.906250000000 0.562500000000
1341234254957 -0.656250000000 0.750000000000 0.906250000000
1341234254977 -0.656250000000 1.000000000000 0.375000000000
1341234254997 -0.500000000000 1.062500000000 0.187500000000
1341234255017 -0.531250000000 1.250000000000 -0.843750000000
1341234255037 -0.656250000000 1.218750000000 -1.031250000000
1341234255057 -0.656250000000 0.125000000000 -0.843750000000
1341234255077 -0.468750000000 0.843750000000 -0.187500000000
1341234255097 0.062500000000 0.937500000000 0.031250000000
1341234255129 0.093750000000 1.000000000000 -0.468750000000
1341234255149 -0.093750000000 1.062500000000 -1.062500000000
1341234255169 0.000000000000 1.156250000000 -1.062500000000
1341234255189 0.218750000000 1.093750000000 -0.468750000000
1341234255209 0.343750000000 1.031250000000 -0.093750000000
1341234255229 0.343750000000 1.000000000000 -0.312500000000
1341234255249 0.093750000000 0.906250000000 -0.593750000000
1341234255269 -0.218750000000 0.968750000000 -0.750000000000
1341234255289 -0.187500000000 1.031250000000 -0.843750000000
1341234255309 0.406250000000 1.093750000000 -0.625000000000
1341234255329 0.656250000000 1.062500000000 -0.062500000000
1341234255349 0.531250000000 1.031250000000 0.187500000000
1341234255369 0.437500000000 0.906250000000 0.250000000000
1341234255389 0.250000000000 0.937500000000 0.437500000000
1341234255409 0.312500000000 1.093750000000 0.625000000000
1341234255410 1.000000000000 1.625000000000 0.906250000000
1341234255430 -0.562500000000 1.312500000000 0.750000000000
1341234255450 -0.406250000000 1.062500000000 -0.031250000000
1341234255470 -0.250000000000 1.250000000000 0.281250000000
1341234255490 -0.500000000000 1.437500000000 -0.187500000000
1341234255510 -0.625000000000 0.906250000000 0.031250000000
1341234255530 -0.531250000000 0.812500000000 0.218750000000
1341234255550 -0.593750000000 0.843750000000 -0.156250000000
1341234255566 -0.531250000000 0.937500000000 -0.562500000000
1341234255586 -0.562500000000 0.968750000000 -0.812500000000
1341234255606 -0.250000000000 1.031250000000 -1.156250000000
1341234255626 -0.062500000000 1.000000000000 -0.968750000000
1341234255646 -0.343750000000 0.968750000000 -0.687500000000
1341234255666 0.000000000000 0.968750000000 -0.468750000000
1341234255686 0.468750000000 1.062500000000 -0.468750000000
1341234255706 0.343750000000 1.093750000000 -0.625000000000
1341234255722 0.343750000000 1.343750000000 -0.968750000000
1341234255742 0.281250000000 1.312500000000 -0.625000000000
1341234255762 0.281250000000 1.218750000000 -0.250000000000
1341234255782 0.500000000000 1.156250000000 -0.281250000000
1341234255802 0.500000000000 1.000000000000 -0.125000000000
1341234255822 0.437500000000 0.875000000000 0.250000000000
1341234255842 0.500000000000 0.843750000000 0.531250000000
1341234255862 0.468750000000 0.906250000000 0.656250000000
1341234255878 0.218750000000 0.937500000000 0.625000000000
1341234255898 0.062500000000 0.968750000000 0.500000000000
1341234255918 -0.250000000000 1.000000000000 0.281250000000
1341234255938 -0.437500000000 1.031250000000 -0.031250000000
1341234255958 0.156250000000 1.343750000000 0.750000000000
1341234255978 -0.750000000000 1.125000000000 0.156250000000
1341234255998 -0.531250000000 1.281250000000 -1.187500000000
1341234256018 -0.562500000000 1.593750000000 -1.062500000000
1341234256038 -0.687500000000 1.000000000000 -0.750000000000
1341234256058 -0.437500000000 0.875000000000 -0.093750000000
1341234256078 -0.062500000000 0.843750000000 0.218750000000
1341234256098 -0.062500000000 0.843750000000 -0.218750000000
1341234256118 -0.250000000000 0.906250000000 -0.968750000000
1341234256138 -0.375000000000 0.968750000000 -1.250000000000
1341234256158 -0.156250000000 0.906250000000 -0.937500000000
1341234256174 0.281250000000 1.031250000000 -0.531250000000
1341234256194 0.687500000000 1.156250000000 -0.312500000000
1341234256214 0.718750000000 1.187500000000 -0.156250000000
1341234256234 0.375000000000 1.125000000000 -0.281250000000
1341234256254 0.156250000000 1.062500000000 -0.468750000000
1341234256274 0.156250000000 0.937500000000 -0.593750000000
1341234256294 0.312500000000 0.906250000000 -0.468750000000
1341234256314 0.343750000000 0.781250000000 0.031250000000
1341234256310 0.406250000000 0.812500000000 0.375000000000
1341234256330 0.500000000000 1.000000000000 0.281250000000
1341234256350 0.812500000000 1.437500000000 0.031250000000
1341234256370 0.093750000000 1.625000000000 0.718750000000
1341234256390 -1.031250000000 1.031250000000 0.343750000000
1341234256410 0.468750000000 0.562500000000 0.125000000000
1341234256430 -0.187500000000 1.093750000000 0.375000000000
1341234256450 -0.375000000000 0.875000000000 0.750000000000
1341234256470 -0.093750000000 0.843750000000 0.625000000000
1341234256482 -0.406250000000 0.812500000000 0.375000000000
1341234256502 -0.406250000000 0.875000000000 -0.093750000000
1341234256522 -0.468750000000 0.968750000000 -0.531250000000
1341234256542 -0.281250000000 1.562500000000 -0.562500000000
1341234256562 -0.625000000000 1.281250000000 -0.625000000000
1341234256582 0.468750000000 0.937500000000 -1.500000000000
1341234256602 -0.468750000000 1.156250000000 -1.156250000000
1341234256622 -0.437500000000 0.968750000000 -0.593750000000
1341234256642 0.250000000000 1.031250000000 -0.281250000000
1341234256658 0.281250000000 1.093750000000 -0.250000000000
1341234256678 0.250000000000 1.000000000000 -0.625000000000
1341234256698 0.187500000000 1.000000000000 -0.937500000000
1341234256718 0.031250000000 1.093750000000 -0.875000000000
1341234256738 0.093750000000 1.000000000000 -0.500000000000
1341234256758 0.625000000000 1.000000000000 -0.125000000000
1341234256778 0.656250000000 0.906250000000 0.156250000000
1341234256798 0.406250000000 0.843750000000 0.093750000000
1341234256814 0.500000000000 0.875000000000 0.218750000000
1341234256834 0.625000000000 0.968750000000 0.531250000000
1341234256854 0.625000000000 1.000000000000 0.718750000000
1341234256874 0.500000000000 1.000000000000 0.718750000000
1341234256894 -0.093750000000 0.875000000000 0.531250000000
1341234256914 -0.468750000000 0.906250000000 0.312500000000
1341234256934 -0.531250000000 0.937500000000 0.062500000000
1341234256954 -0.125000000000 1.468750000000 0.656250000000
1341234256965 -0.656250000000 1.500000000000 0.250000000000
1341234256985 -0.156250000000 1.281250000000 -1.906250000000
1341234257005 -0.875000000000 1.250000000000 -1.687500000000
1341234257025 -1.312500000000 0.750000000000 -0.406250000000
1341234257045 -0.062500000000 0.750000000000 0.218750000000
1341234257065 0.093750000000 0.843750000000 0.437500000000
1341234257085 -0.093750000000 0.843750000000 -0.093750000000
1341234257105 -0.031250000000 0.812500000000 -0.750000000000
1341234257125 -0.093750000000 0.906250000000 -0.906250000000
1341234257141 -0.187500000000 0.968750000000 -0.562500000000
1341234257161 0.156250000000 1.062500000000 -0.312500000000
1341234257181 0.718750000000 1.281250000000 -0.406250000000
1341234257201 0.593750000000 1.312500000000 -0.406250000000
1341234257221 0.343750000000 1.250000000000 -0.187500000000
1341234257241 0.281250000000 1.093750000000 -0.187500000000
1341234257261 0.250000000000 1.000000000000 -0.281250000000
1341234257281 0.281250000000 0.906250000000 -0.125000000000
1341234257297 0.406250000000 0.843750000000 0.312500000000
1341234257317 0.531250000000 0.937500000000 0.593750000000
1341234257337 1.156250000000 1.656250000000 0.281250000000
1341234257357 -0.781250000000 1.406250000000 0.500000000000
1341234257377 -0.093750000000 1.468750000000 0.250000000000
1341234257397 -0.062500000000 1.312500000000 -0.031250000000
1341234257417 -0.375000000000 1.125000000000 0.218750000000
1341234257437 -0.656250000000 0.906250000000 0.250000000000
1341234257453 -0.718750000000 0.750000000000 0.125000000000
1341234257473 -0.656250000000 0.750000000000 -0.218750000000
1341234257493 -0.750000000000 0.781250000000 -0.562500000000
1341234257513 -0.812500000000 0.718750000000 -0.593750000000
1341234257533 -0.781250000000 0.750000000000 -0.437500000000
1341234257553 -0.687500000000 0.750000000000 -0.500000000000
1341234257573 -0.218750000000 0.937500000000 -0.718750000000
1341234257593 0.062500000000 1.031250000000 -0.625000000000
1341234257594 0.156250000000 1.718750000000 -0.656250000000
1341234257614 0.218750000000 1.281250000000 -0.437500000000
1341234257634 0.531250000000 1.093750000000 0.343750000000
1341234257654 0.218750000000 1.250000000000 0.062500000000
1341234257674 0.218750000000 1.250000000000 -0.750000000000
1341234257694 0.156250000000 1.218750000000 -0.875000000000
1341234257714 -0.031250000000 1.031250000000 -0.312500000000
1341234257734 0.156250000000 0.875000000000 0.156250000000
1341234257745 0.468750000000 0.843750000000 0.281250000000
1341234257765 0.468750000000 0.906250000000 0.187500000000
1341234257785 0.312500000000 1.062500000000 -0.156250000000
1341234257805 0.125000000000 1.125000000000 -0.218750000000
1341234257825 -0.062500000000 1.000000000000 0.281250000000
1341234257845 1.031250000000 1.312500000000 0.937500000000
1341234257865 -0.656250000000 1.187500000000 0.468750000000
1341234257885 -0.375000000000 0.968750000000 -0.125000000000
1341234257905 -0.406250000000 1.000000000000 -0.093750000000
1341234257921 -0.781250000000 0.781250000000 0.343750000000
1341234257941 -0.468750000000 0.750000000000 0.468750000000
1341234257961 -0.468750000000 0.812500000000 0.156250000000
1341234257981 -0.656250000000 0.812500000000 -0.437500000000
1341234258000 -0.781250000000 0.750000000000 -0.843750000000
1341234258021 -0.812500000000 0.843750000000 -0.875000000000
1341234258041 -0.375000000000 1.562500000000 -0.625000000000
1341234258061 0.562500000000 0.406250000000 -0.906250000000
1341234258082 0.125000000000 1.218750000000 -0.718750000000
1341234258102 -1.093750000000 0.875000000000 0.125000000000
1341234258122 0.312500000000 0.843750000000 -0.218750000000
1341234258142 0.156250000000 1.031250000000 -0.437500000000
1341234258162 -0.281250000000 1.031250000000 -0.531250000000
1341234258182 0.156250000000 1.000000000000 -0.687500000000
1341234258202 0.218750000000 1.062500000000 -0.406250000000
1341234258218 0.187500000000 1.000000000000 -0.093750000000
1341234258238 0.187500000000 0.968750000000 -0.187500000000
1341234258258 0.000000000000 0.968750000000 -0.468750000000
1341234258278 -0.031250000000 0.968750000000 -0.468750000000
1341234258298 0.125000000000 0.968750000000 -0.312500000000
1341234258318 0.250000000000 1.031250000000 -0.281250000000
1341234258338 0.250000000000 1.031250000000 -0.093750000000
1341234258358 1.031250000000 1.125000000000 -0.281250000000
1341234258369 -0.500000000000 1.312500000000 0.718750000000
1341234258389 0.125000000000 1.000000000000 0.625000000000
1341234258409 -0.093750000000 0.875000000000 0.312500000000
1341234258429 0.031250000000 1.062500000000 0.062500000000
1341234258449 -0.062500000000 1.031250000000 0.187500000000
1341234258469 -0.375000000000 0.843750000000 0.625000000000
1341234258489 -0.406250000000 0.750000000000 0.718750000000
1341234258509 -0.500000000000 0.812500000000 0.375000000000
1341234258529 -0.593750000000 0.781250000000 -0.062500000000
1341234258541 -0.656250000000 0.812500000000 -0.250000000000
1341234258561 -0.656250000000 0.781250000000 -0.156250000000
1341234258581 -0.437500000000 1.593750000000 0.781250000000
1341234258601 -0.250000000000 0.812500000000 -1.125000000000
1341234258621 0.093750000000 1.031250000000 -1.250000000000
1341234258641 -1.343750000000 0.750000000000 -0.375000000000
1341234258661 0.343750000000 0.906250000000 -0.468750000000
1341234258681 0.156250000000 1.093750000000 -0.187500000000
1341234258701 -0.093750000000 1.000000000000 -0.218750000000
1341234258717 0.218750000000 0.968750000000 -0.625000000000
1341234258737 0.093750000000 1.031250000000 -0.781250000000
1341234258757 0.062500000000 1.062500000000 -0.593750000000
1341234258777 0.187500000000 1.031250000000 -0.312500000000
1341234258797 0.281250000000 1.031250000000 -0.218750000000
1341234258817 0.312500000000 1.031250000000 -0.281250000000
1341234258837 0.500000000000 1.218750000000 -0.906250000000
1341234258857 0.062500000000 1.312500000000 -0.812500000000
1341234258869 0.281250000000 1.406250000000 -0.031250000000
1341234258889 0.406250000000 1.125000000000 0.531250000000
1341234258909 0.531250000000 1.093750000000 0.250000000000
1341234258929 0.156250000000 1.000000000000 0.093750000000
1341234258949 -0.281250000000 0.781250000000 0.500000000000
1341234258969 -0.125000000000 0.750000000000 0.656250000000
1341234258989 -0.187500000000 0.812500000000 0.562500000000
1341234259009 -0.406250000000 0.812500000000 0.250000000000
1341234259029 -0.187500000000 1.187500000000 0.781250000000
1341234259045 -0.718750000000 1.031250000000 0.343750000000
1341234259065 -0.875000000000 0.906250000000 -1.000000000000
1341234259085 -0.781250000000 0.593750000000 -1.156250000000
1341234259105 -0.750000000000 0.875000000000 -0.656250000000
1341234259125 -0.281250000000 0.781250000000 0.812500000000
1341234259145 0.000000000000 0.812500000000 0.906250000000
1341234259165 -0.250000000000 0.812500000000 -0.218750000000
1341234259185 -0.531250000000 0.781250000000 -1.156250000000
1341234259205 -0.812500000000 1.343750000000 -1.125000000000
1341234259225 0.531250000000 1.125000000000 -0.718750000000
1341234259245 0.750000000000 1.062500000000 0.000000000000
1341234259265 -0.218750000000 0.937500000000 0.250000000000
1341234259285 0.406250000000 1.000000000000 -0.718750000000
1341234259305 0.000000000000 1.093750000000 -1.031250000000
1341234259325 -0.156250000000 1.000000000000 -0.718750000000
1341234259337 0.250000000000 0.875000000000 -0.437500000000
1341234259357 0.375000000000 0.906250000000 -0.312500000000
1341234259377 0.312500000000 0.906250000000 -0.281250000000
1341234259397 0.250000000000 0.937500000000 -0.375000000000
1341234259417 0.218750000000 1.062500000000 -0.437500000000
1341234259437 1.156250000000 1.718750000000 -0.718750000000
1341234259457 -0.937500000000 1.281250000000 0.968750000000
1341234259477 0.343750000000 1.093750000000 0.281250000000
1341234259497 0.375000000000 1.250000000000 -0.156250000000
1341234259508 -0.250000000000 1.000000000000 0.125000000000
1341234259528 -0.156250000000 0.812500000000 0.562500000000
1341234259548 0.000000000000 1.343750000000 0.718750000000
1341234259568 -0.062500000000 0.906250000000 1.125000000000
1341234259588 -0.500000000000 1.125000000000 -0.062500000000
1341234259608 -0.531250000000 1.187500000000 -0.562500000000
1341234259628 -0.406250000000 1.218750000000 -0.593750000000
1341234259648 -0.625000000000 0.781250000000 -0.968750000000
1341234259668 -0.687500000000 0.906250000000 -1.000000000000
1341234259684 -0.656250000000 0.781250000000 -0.468750000000
1341234259704 -0.125000000000 0.718750000000 0.500000000000
1341234259724 -0.031250000000 0.781250000000 0.062500000000
1341234259744 -0.343750000000 0.718750000000 -0.875000000000
1341234259764 -0.468750000000 0.687500000000 -1.312500000000
1341234259784 -0.125000000000 1.531250000000 -1.250000000000
1341234259804 0.156250000000 1.781250000000 -0.625000000000
1341234259824 1.062500000000 1.062500000000 -0.093750000000
1341234259840 0.375000000000 1.093750000000 0.062500000000
1341234259860 -0.156250000000 0.968750000000 -0.093750000000
1341234259880 0.062500000000 0.781250000000 -0.343750000000
1341234259900 0.093750000000 0.593750000000 -0.218750000000
1341234259920 0.156250000000 1.125000000000 -0.062500000000
1341234259940 -0.468750000000 0.843750000000 -1.312500000000
1341234259960 -0.125000000000 0.812500000000 -0.718750000000
1341234259980 0.156250000000 0.812500000000 -0.093750000000
1341234259976 0.031250000000 0.937500000000 0.125000000000
1341234259996 -0.125000000000 1.125000000000 0.625000000000
1341234260016 -0.375000000000 0.906250000000 0.656250000000
1341234260036 -0.187500000000 1.187500000000 0.750000000000
1341234260056 -0.281250000000 0.687500000000 -0.031250000000
1341234260076 -0.093750000000 0.812500000000 0.656250000000
1341234260096 -0.343750000000 1.031250000000 0.437500000000
1341234260116 -0.406250000000 0.843750000000 0.500000000000
1341234260136 -0.343750000000 0.968750000000 0.312500000000
1341234260168 -0.531250000000 0.968750000000 0.187500000000
1341234260188 -0.656250000000 0.875000000000 0.125000000000
1341234260208 -0.718750000000 0.625000000000 0.062500000000
1341234260228 -0.781250000000 1.093750000000 -0.062500000000
1341234260248 -0.437500000000 0.593750000000 0.250000000000
1341234260268 -0.187500000000 0.468750000000 0.468750000000
1341234260288 -0.250000000000 0.500000000000 0.343750000000
1341234260308 -0.593750000000 0.687500000000 0.000000000000
1341234260308 -0.687500000000 0.968750000000 -0.156250000000
1341234260328 -0.656250000000 1.125000000000 -0.468750000000
1341234260348 -1.156250000000 0.968750000000 -0.531250000000
1341234260368 -0.781250000000 0.843750000000 -0.500000000000
1341234260388 -0.250000000000 1.000000000000 -0.031250000000
1341234260408 -0.062500000000 0.875000000000 0.000000000000
1341234260428 -0.343750000000 1.593750000000 -0.218750000000
1341234260448 -0.468750000000 0.937500000000 -0.781250000000
1341234260460 -0.281250000000 1.406250000000 -0.468750000000
1341234260480 -0.406250000000 1.218750000000 -0.406250000000
1341234260500 -0.156250000000 1.593750000000 -0.031250000000
1341234260520 0.281250000000 1.281250000000 0.406250000000
1341234260540 0.156250000000 1.187500000000 0.531250000000
1341234260560 0.031250000000 0.593750000000 0.187500000000
1341234260580 0.312500000000 1.406250000000 -0.125000000000
1341234260600 -0.062500000000 0.968750000000 0.031250000000
1341234260620 0.375000000000 1.031250000000 0.031250000000
1341234260640 0.000000000000 0.687500000000 0.375000000000
1341234260660 -0.250000000000 0.562500000000 0.593750000000
1341234260680 -0.031250000000 0.687500000000 0.562500000000
1341234260700 -0.312500000000 0.906250000000 0.500000000000
1341234260720 -0.687500000000 0.812500000000 0.406250000000
1341234260740 -0.531250000000 0.875000000000 0.312500000000
1341234260760 -0.468750000000 0.625000000000 0.125000000000
1341234260776 -0.250000000000 0.843750000000 0.156250000000
1341234260796 -0.250000000000 0.812500000000 0.093750000000
1341234260816 -0.281250000000 0.687500000000 0.156250000000
1341234260836 -0.468750000000 1.187500000000 -0.093750000000
1341234260856 -0.343750000000 0.718750000000 -0.500000000000
1341234260876 -0.062500000000 0.843750000000 0.093750000000
1341234260896 -0.500000000000 0.843750000000 0.000000000000
1341234260916 -0.125000000000 0.875000000000 -0.156250000000
1341234260932 -0.156250000000 1.000000000000 -0.375000000000
1341234260952 -0.437500000000 1.062500000000 -0.531250000000
1341234260972 -0.343750000000 1.656250000000 -0.781250000000
1341234260992 -0.281250000000 1.468750000000 -0.468750000000
1341234261012 0.500000000000 1.031250000000 0.531250000000
1341234261032 0.218750000000 1.156250000000 -0.343750000000
1341234261052 -0.468750000000 0.687500000000 -0.031250000000
1341234261072 -0.312500000000 1.312500000000 -0.468750000000
1341234261088 0.031250000000 1.187500000000 -0.468750000000
1341234261108 -0.375000000000 1.187500000000 0.000000000000
1341234261128 -0.375000000000 0.593750000000 0.375000000000
1341234261148 0.312500000000 1.000000000000 0.718750000000
1341234261168 -0.406250000000 0.750000000000 0.687500000000
1341234261188 -0.437500000000 0.562500000000 0.406250000000
1341234261208 -0.625000000000 0.875000000000 0.281250000000
1341234261228 -0.843750000000 0.593750000000 -0.062500000000
1341234261240 -0.281250000000 0.375000000000 0.281250000000
1341234261260 -0.156250000000 0.437500000000 0.437500000000
1341234261280 -0.281250000000 0.406250000000 0.531250000000
1341234261300 -0.437500000000 0.593750000000 0.250000000000
1341234261320 -0.843750000000 1.718750000000 -0.718750000000
1341234261340 -0.406250000000 0.937500000000 0.000000000000
1341234261360 -0.406250000000 1.031250000000 0.093750000000
1341234261380 -0.156250000000 1.000000000000 0.093750000000
1341234261400 -0.281250000000 0.937500000000 -0.031250000000
1341234261416 -0.562500000000 1.000000000000 -0.437500000000
1341234261436 -0.656250000000 1.156250000000 -0.531250000000
1341234261456 -0.500000000000 1.812500000000 -0.875000000000
1341234261476 -0.187500000000 1.375000000000 0.125000000000
1341234261496 0.187500000000 1.343750000000 0.250000000000
1341234261516 0.312500000000 1.406250000000 0.312500000000
1341234261536 0.437500000000 1.500000000000 0.031250000000
1341234261556 -0.156250000000 1.062500000000 0.281250000000
1341234261567 -0.062500000000 0.937500000000 0.187500000000
1341234261587 -0.312500000000 0.687500000000 0.406250000000
1341234261607 -0.125000000000 0.437500000000 0.531250000000
1341234261627 0.031250000000 0.687500000000 0.593750000000
1341234261647 -0.218750000000 0.500000000000 0.531250000000
1341234261667 -0.031250000000 0.718750000000 0.718750000000
1341234261687 -0.187500000000 0.750000000000 0.375000000000
1341234261707 -0.250000000000 0.843750000000 0.125000000000
1341234261727 -0.593750000000 1.000000000000 0.593750000000
1341234261743 -0.750000000000 0.968750000000 0.218750000000
1341234261763 -0.968750000000 0.406250000000 -0.656250000000
1341234261783 -0.750000000000 0.625000000000 0.031250000000
1341234261803 -0.250000000000 0.875000000000 0.625000000000
1341234261823 0.187500000000 0.500000000000 0.375000000000
1341234261843 0.062500000000 0.468750000000 0.656250000000
1341234261863 -0.218750000000 1.312500000000 -0.218750000000
1341234261883 -0.687500000000 0.906250000000 -0.406250000000
1341234261899 0.187500000000 0.937500000000 0.218750000000
1341234261919 -0.343750000000 1.250000000000 -0.281250000000
1341234261939 -0.500000000000 0.906250000000 -0.031250000000
1341234261959 -0.312500000000 1.218750000000 -0.062500000000
1341234261979 -0.093750000000 1.531250000000 -0.156250000000
1341234261999 -0.343750000000 1.875000000000 -0.343750000000
1341234262019 -1.187500000000 0.906250000000 0.156250000000
1341234262039 -0.125000000000 1.093750000000 -0.375000000000
1341234262035 -0.093750000000 1.312500000000 -0.125000000000
1341234262055 -0.406250000000 1.031250000000 0.093750000000
1341234262075 -0.250000000000 0.968750000000 -0.062500000000
1341234262095 -0.312500000000 1.468750000000 0.218750000000
1341234262115 -0.468750000000 1.125000000000 0.500000000000
1341234262135 -0.468750000000 1.031250000000 0.500000000000
1341234262155 -0.750000000000 0.812500000000 0.375000000000
1341234262175 -0.750000000000 0.593750000000 0.312500000000
1341234262195 -1.500000000000 -0.312500000000 0.375000000000
1341234262227 -0.656250000000 0.437500000000 0.281250000000
1341234262247 -0.406250000000 0.312500000000 0.375000000000
1341234262267 -0.437500000000 0.250000000000 0.375000000000
1341234262287 -0.562500000000 0.468750000000 0.218750000000
1341234262307 -0.875000000000 0.812500000000 0.000000000000
1341234262327 -1.187500000000 0.562500000000 -0.218750000000
1341234262347 -0.906250000000 0.750000000000 -0.343750000000
1341234262367 -0.468750000000 0.375000000000 -0.187500000000
1341234262367 -0.406250000000 0.531250000000 -0.125000000000
1341234262387 -0.406250000000 0.593750000000 -0.062500000000
1341234262407 -0.687500000000 0.687500000000 -0.031250000000
1341234262427 -0.750000000000 1.156250000000 -0.531250000000
1341234262447 -0.187500000000 1.343750000000 -0.218750000000
1341234262467 -0.468750000000 1.187500000000 0.031250000000
1341234262487 -0.593750000000 1.531250000000 0.281250000000
1341234262507 -0.656250000000 1.437500000000 0.187500000000
1341234262539 -0.343750000000 1.218750000000 0.125000000000
1341234262559 -0.406250000000 1.062500000000 -0.093750000000
1341234262579 0.062500000000 0.843750000000 -0.437500000000
1341234262599 -0.718750000000 0.593750000000 -0.250000000000
1341234262619 -0.031250000000 0.843750000000 -0.343750000000
1341234262639 -0.531250000000 0.906250000000 -0.156250000000
1341234262659 0.062500000000 1.031250000000 0.031250000000
1341234262679 -0.281250000000 0.843750000000 0.218750000000
1341234262691 -0.343750000000 1.250000000000 0.218750000000
1341234262711 -0.750000000000 1.062500000000 0.125000000000
1341234262731 -0.375000000000 1.312500000000 0.156250000000
1341234262751 -0.718750000000 0.875000000000 0.281250000000
1341234262771 -0.468750000000 0.562500000000 0.343750000000
1341234262791 -0.281250000000 0.593750000000 0.406250000000
1341234262811 -1.250000000000 0.125000000000 0.468750000000
1341234262831 -0.843750000000 0.656250000000 0.281250000000
1341234262851 -0.375000000000 0.750000000000 -0.125000000000
1341234262862 -0.625000000000 0.968750000000 -0.406250000000
1341234262882 -0.937500000000 0.531250000000 -0.468750000000
1341234262902 -0.812500000000 0.312500000000 -0.281250000000
1341234262922 -0.593750000000 0.468750000000 -0.125000000000
1341234262942 -0.562500000000 0.718750000000 -0.093750000000
1341234262962 -0.437500000000 0.906250000000 -0.156250000000
1341234262982 -0.656250000000 0.968750000000 -0.531250000000
1341234263002 -0.468750000000 1.250000000000 -0.468750000000
1341234263022 -0.218750000000 1.375000000000 -0.375000000000
1341234263023 0.250000000000 1.687500000000 -0.656250000000
1341234263043 -0.531250000000 1.718750000000 -0.281250000000
1341234263063 -0.781250000000 1.812500000000 0.000000000000
1341234263083 -0.406250000000 1.406250000000 -0.312500000000
1341234263103 -0.406250000000 1.187500000000 -0.437500000000
1341234263123 -0.125000000000 1.031250000000 -0.406250000000
1341234263143 -0.187500000000 0.875000000000 -0.187500000000
1341234263163 -0.125000000000 0.812500000000 0.093750000000
1341234263179 -0.218750000000 0.718750000000 0.343750000000
1341234263199 -0.375000000000 1.125000000000 0.250000000000
1341234263219 -0.562500000000 0.531250000000 0.375000000000
1341234263239 -0.500000000000 0.468750000000 0.468750000000
1341234263259 -0.562500000000 0.687500000000 0.218750000000
1341234263279 -0.750000000000 0.656250000000 0.031250000000
1341234263299 -0.406250000000 0.687500000000 0.031250000000
1341234263319 -0.656250000000 0.312500000000 0.031250000000
1341234263335 -0.718750000000 0.468750000000 -0.031250000000
1341234263355 -1.343750000000 0.281250000000 0.218750000000
1341234263375 -0.656250000000 0.625000000000 -0.031250000000
1341234263395 -0.625000000000 0.187500000000 -0.250000000000
1341234263415 -0.375000000000 1.000000000000 -0.312500000000
1341234263435 -0.843750000000 0.625000000000 -0.250000000000
1341234263455 -0.375000000000 0.968750000000 -0.281250000000
1341234263475 -0.437500000000 0.750000000000 -0.281250000000
1341234263486 -0.250000000000 0.687500000000 -0.156250000000
1341234263506 -0.875000000000 0.593750000000 -0.531250000000
1341234263526 -0.093750000000 1.875000000000 -0.718750000000
1341234263546 -0.687500000000 1.562500000000 -0.406250000000
1341234263566 -0.656250000000 1.531250000000 -0.218750000000
1341234263586 0.187500000000 1.562500000000 -0.531250000000
1341234263606 -0.593750000000 1.187500000000 -0.406250000000
1341234263626 0.000000000000 1.062500000000 -0.312500000000
1341234263646 -0.406250000000 0.937500000000 0.000000000000
1341234263667 -0.312500000000 0.812500000000 0.156250000000
1341234263687 -0.218750000000 0.812500000000 0.250000000000
1341234263707 -0.187500000000 0.968750000000 0.281250000000
1341234263727 -0.312500000000 0.875000000000 0.281250000000
1341234263747 -0.531250000000 0.687500000000 0.187500000000
1341234263767 -0.718750000000 0.500000000000 0.125000000000
1341234263787 -0.593750000000 0.968750000000 0.062500000000
1341234263803 -0.687500000000 0.843750000000 0.000000000000
1341234263823 -1.000000000000 0.750000000000 0.156250000000
1341234263843 -1.000000000000 0.718750000000 -0.125000000000
1341234263863 -0.781250000000 1.062500000000 -0.281250000000
1341234263883 -1.031250000000 0.375000000000 0.000000000000
1341234263903 -0.562500000000 0.562500000000 -0.031250000000
1341234263923 -0.468750000000 0.437500000000 0.062500000000
1341234263943 -0.406250000000 0.531250000000 0.125000000000
1341234263959 -0.500000000000 0.312500000000 -0.187500000000
1341234263979 -0.843750000000 0.562500000000 -0.062500000000
1341234263999 -0.687500000000 0.812500000000 -0.437500000000
1341234264019 -0.500000000000 0.468750000000 -0.250000000000
1341234264039 -0.531250000000 0.375000000000 -0.312500000000
1341234264059 -0.406250000000 0.937500000000 -0.343750000000
1341234264079 -0.625000000000 1.062500000000 -0.343750000000
1341234264099 -0.625000000000 1.500000000000 -0.437500000000
1341234264115 -0.406250000000 1.250000000000 -0.343750000000
1341234264135 -0.250000000000 1.312500000000 -0.187500000000
1341234264155 -0.406250000000 1.531250000000 0.312500000000
1341234264175 -0.250000000000 0.843750000000 -0.156250000000
1341234264195 -0.687500000000 0.937500000000 -0.312500000000
1341234264215 -0.656250000000 0.562500000000 -0.343750000000
1341234264235 -0.843750000000 1.437500000000 0.125000000000
1341234264255 0.125000000000 1.187500000000 -0.156250000000
1341234264255 -0.375000000000 0.656250000000 0.156250000000
1341234264275 -0.343750000000 0.562500000000 0.281250000000
1341234264295 -0.375000000000 0.593750000000 0.250000000000
1341234264315 -0.375000000000 0.750000000000 0.218750000000
1341234264335 -0.875000000000 0.593750000000 0.187500000000
1341234264355 -0.843750000000 0.718750000000 0.031250000000
1341234264375 -0.750000000000 0.906250000000 0.031250000000
1341234264395 -0.593750000000 1.031250000000 -0.062500000000
1341234264411 -0.687500000000 0.843750000000 -0.250000000000
1341234264431 -1.125000000000 0.468750000000 -0.125000000000
1341234264451 -0.562500000000 0.593750000000 -0.156250000000
1341234264471 -0.312500000000 0.531250000000 0.000000000000
1341234264491 -0.343750000000 0.437500000000 0.125000000000
1341234264511 -0.187500000000 0.937500000000 0.187500000000
1341234264531 -0.593750000000 0.312500000000 -0.406250000000
1341234264551 -0.343750000000 0.406250000000 -0.125000000000
1341234264571 -0.343750000000 0.812500000000 -0.250000000000
1341234264591 -0.937500000000 0.781250000000 -0.312500000000
1341234264611 -0.843750000000 0.625000000000 -0.343750000000
1341234264631 -0.437500000000 0.750000000000 -0.218750000000
1341234264651 -0.281250000000 0.968750000000 -0.062500000000
1341234264671 -0.281250000000 1.093750000000 -0.062500000000
1341234264691 -0.437500000000 0.875000000000 0.031250000000
1341234264703 -0.375000000000 1.031250000000 -0.281250000000
1341234264723 -0.281250000000 1.343750000000 -0.312500000000
1341234264743 -1.156250000000 1.062500000000 0.187500000000
1341234264763 -0.625000000000 1.218750000000 -0.031250000000
1341234264783 -0.343750000000 0.781250000000 -0.156250000000
1341234264803 -0.687500000000 1.187500000000 0.062500000000
1341234264823 -0.375000000000 0.781250000000 -0.125000000000
1341234264843 -0.531250000000 1.093750000000 0.093750000000
1341234264863 -0.406250000000 0.968750000000 -0.031250000000
1341234264859 -0.343750000000 0.843750000000 0.156250000000
1341234264879 -0.593750000000 1.000000000000 0.093750000000
1341234264899 -0.468750000000 0.718750000000 0.062500000000
1341234264919 -0.343750000000 0.843750000000 0.125000000000
1341234264939 -0.406250000000 0.718750000000 0.093750000000
1341234264959 -0.375000000000 0.562500000000 0.125000000000
1341234264979 -0.468750000000 0.875000000000 0.000000000000
1341234264999 -0.750000000000 0.625000000000 0.156250000000
1341234265019 -0.531250000000 0.718750000000 -0.031250000000
1341234265051 -0.687500000000 0.781250000000 -0.250000000000
1341234265071 -0.875000000000 0.468750000000 -0.093750000000
1341234265091 -0.562500000000 0.625000000000 -0.187500000000
1341234265111 -0.375000000000 0.687500000000 -0.156250000000
1341234265131 -0.656250000000 0.781250000000 -0.218750000000
1341234265151 -0.343750000000 0.812500000000 -0.093750000000
1341234265171 -0.500000000000 0.593750000000 -0.125000000000
1341234265191 -0.437500000000 1.156250000000 -0.062500000000
1341234265207 -0.687500000000 0.593750000000 -0.093750000000
1341234265227 -0.375000000000 0.968750000000 -0.218750000000
1341234265247 -0.031250000000 1.031250000000 -0.500000000000
1341234265267 -0.406250000000 0.937500000000 -0.312500000000
1341234265287 -0.562500000000 1.468750000000 -0.281250000000
1341234265307 -0.593750000000 1.500000000000 -0.281250000000
1341234265327 -0.343750000000 1.312500000000 -0.375000000000
1341234265347 -0.093750000000 1.062500000000 -0.312500000000
1341234265358 -0.343750000000 1.250000000000 0.031250000000
1341234265378 -0.375000000000 0.875000000000 -0.218750000000
1341234265398 -0.250000000000 0.937500000000 -0.312500000000
1341234265418 -0.750000000000 0.937500000000 -0.031250000000
1341234265438 -0.625000000000 0.750000000000 -0.062500000000
1341234265458 -0.343750000000 0.906250000000 -0.031250000000
1341234265478 -0.500000000000 0.937500000000 0.062500000000
1341234265498 -0.687500000000 0.562500000000 0.093750000000
1341234265518 -0.312500000000 0.843750000000 0.031250000000
1341234265530 -0.343750000000 0.687500000000 0.062500000000
1341234265550 -0.375000000000 0.750000000000 0.125000000000
1341234265570 -0.750000000000 0.625000000000 0.187500000000
1341234265590 -0.218750000000 0.812500000000 0.062500000000
1341234265610 -0.437500000000 0.781250000000 0.000000000000
1341234265630 -0.468750000000 0.625000000000 -0.093750000000
1341234265650 -0.593750000000 0.593750000000 -0.187500000000
1341234265670 -0.500000000000 0.843750000000 -0.250000000000
1341234265690 -0.687500000000 0.593750000000 -0.125000000000
1341234265706 -0.656250000000 0.468750000000 -0.218750000000
1341234265726 -0.812500000000 0.125000000000 -0.281250000000
1341234265746 -0.750000000000 0.687500000000 -0.343750000000
1341234265766 -0.375000000000 1.031250000000 -0.281250000000
1341234265786 -0.218750000000 1.000000000000 -0.125000000000
1341234265806 -0.156250000000 1.218750000000 -0.125000000000
1341234265826 -0.562500000000 1.312500000000 0.218750000000
1341234265846 -1.406250000000 1.750000000000 0.093750000000
1341234265846 -0.250000000000 1.375000000000 -0.562500000000
1341234265866 -0.843750000000 1.156250000000 -0.656250000000
1341234265886 -0.718750000000 0.968750000000 -0.531250000000
1341234265906 -0.281250000000 1.218750000000 -0.437500000000
1341234265926 -0.562500000000 0.593750000000 -0.093750000000
1341234265946 -0.562500000000 0.937500000000 0.031250000000
1341234265966 -0.625000000000 0.718750000000 -0.031250000000
1341234265986 -0.562500000000 0.687500000000 0.093750000000
1341234266022 -0.562500000000 0.875000000000 0.093750000000
1341234266042 -0.593750000000 0.656250000000 0.000000000000
1341234266062 -0.812500000000 0.531250000000 0.000000000000
1341234266082 -0.625000000000 0.625000000000 0.000000000000
1341234266102 -0.562500000000 0.593750000000 -0.031250000000
1341234266122 -0.875000000000 0.625000000000 -0.062500000000
1341234266142 -0.687500000000 0.906250000000 -0.062500000000
1341234266143 -0.562500000000 0.968750000000 -0.156250000000
1341234266163 -0.218750000000 0.843750000000 -0.156250000000
1341234266183 -0.812500000000 0.625000000000 -0.031250000000
1341234266203 -0.593750000000 0.593750000000 -0.187500000000
1341234266223 -0.781250000000 0.562500000000 -0.250000000000
1341234266243 -0.468750000000 0.437500000000 -0.343750000000
1341234266263 -0.406250000000 0.656250000000 -0.281250000000
1341234266283 -0.531250000000 0.531250000000 -0.250000000000
1341234266299 -0.593750000000 0.562500000000 -0.218750000000
1341234266319 -0.468750000000 0.906250000000 -0.218750000000
1341234266339 -0.187500000000 0.656250000000 -0.406250000000
1341234266359 -0.500000000000 1.125000000000 -0.250000000000
1341234266379 -0.593750000000 1.218750000000 -0.187500000000
1341234266399 -0.656250000000 0.937500000000 -0.281250000000
1341234266419 -1.375000000000 1.281250000000 -0.031250000000
1341234266439 -1.218750000000 1.312500000000 -0.156250000000
1341234266450 -0.312500000000 1.593750000000 -0.375000000000
1341234266470 -0.437500000000 1.187500000000 -0.125000000000
1341234266490 -0.437500000000 1.125000000000 -0.406250000000
1341234266510 -0.468750000000 1.218750000000 -0.062500000000
1341234266530 -0.218750000000 1.093750000000 0.000000000000
1341234266550 -0.562500000000 0.656250000000 0.031250000000
1341234266570 -0.343750000000 0.750000000000 0.062500000000
1341234266590 -0.531250000000 0.750000000000 0.000000000000
1341234266610 -0.312500000000 0.968750000000 -0.093750000000
1341234266626 -0.562500000000 0.718750000000 -0.062500000000
1341234266646 -0.312500000000 0.937500000000 -0.031250000000
1341234266666 -0.781250000000 0.250000000000 0.062500000000
1341234266686 -1.031250000000 0.531250000000 0.031250000000
1341234266706 -0.937500000000 0.218750000000 0.031250000000
1341234266726 -0.812500000000 0.156250000000 -0.187500000000
1341234266746 -0.625000000000 0.843750000000 -0.250000000000
1341234266766 -0.718750000000 0.625000000000 -0.218750000000
1341234266782 -0.625000000000 0.718750000000 -0.093750000000
1341234266802 -0.687500000000 0.593750000000 -0.218750000000
1341234266822 -0.500000000000 0.593750000000 -0.281250000000
1341234266842 -0.375000000000 0.250000000000 -0.218750000000
1341234266862 -0.093750000000 0.750000000000 -0.187500000000
1341234266882 -0.843750000000 0.812500000000 -0.125000000000
1341234266902 -0.406250000000 1.062500000000 -0.343750000000
1341234266922 -0.531250000000 1.500000000000 -0.406250000000
1341234266934 -0.218750000000 1.312500000000 -0.437500000000
1341234266954 -1.125000000000 1.250000000000 -0.281250000000
1341234266974 -0.750000000000 1.312500000000 -0.218750000000
1341234266994 -0.406250000000 1.156250000000 -0.218750000000
1341234267014 -0.656250000000 1.093750000000 0.000000000000
1341234267034 -0.281250000000 0.812500000000 0.031250000000
1341234267054 -0.406250000000 1.250000000000 -0.125000000000
1341234267074 -0.531250000000 0.593750000000 -0.156250000000
1341234267094 -0.437500000000 0.562500000000 -0.093750000000
1341234267105 -0.625000000000 0.281250000000 0.000000000000
1341234267125 -0.281250000000 0.343750000000 0.156250000000
1341234267145 -0.312500000000 0.437500000000 0.250000000000
1341234267165 -0.500000000000 0.281250000000 0.156250000000
1341234267185 -1.187500000000 0.125000000000 0.250000000000
1341234267205 -1.031250000000 0.593750000000 -0.031250000000
1341234267225 -0.562500000000 0.437500000000 -0.187500000000
1341234267245 -0.968750000000 0.218750000000 -0.250000000000
1341234267265 -0.625000000000 0.687500000000 -0.343750000000
1341234267286 -0.875000000000 0.781250000000 -0.375000000000
1341234267306 -0.281250000000 0.781250000000 -0.437500000000
1341234267326 -0.562500000000 0.843750000000 -0.250000000000
1341234267346 -0.875000000000 1.093750000000 -0.031250000000
1341234267366 -0.937500000000 1.156250000000 0.000000000000
1341234267386 -0.843750000000 1.218750000000 0.000000000000
1341234267406 -0.781250000000 1.281250000000 -0.406250000000
1341234267402 -0.875000000000 1.718750000000 -0.187500000000
1341234267422 -1.156250000000 1.500000000000 -0.312500000000
1341234267442 -0.718750000000 1.031250000000 -0.343750000000
1341234267462 -0.375000000000 1.093750000000 -0.156250000000
1341234267482 -0.218750000000 0.937500000000 0.125000000000
1341234267502 -0.281250000000 1.250000000000 0.250000000000
1341234267522 -0.500000000000 0.875000000000 0.281250000000
1341234267542 -0.062500000000 0.906250000000 0.312500000000
1341234267562 -0.656250000000 0.500000000000 0.218750000000
1341234267593 -0.375000000000 0.437500000000 0.187500000000
1341234267613 -0.343750000000 0.343750000000 0.156250000000
1341234267633 -0.343750000000 0.343750000000 0.156250000000
1341234267653 -0.437500000000 0.312500000000 0.156250000000
1341234267673 -0.562500000000 0.250000000000 0.031250000000
1341234267693 -0.718750000000 0.218750000000 -0.031250000000
1341234267713 -0.812500000000 0.375000000000 -0.125000000000
1341234267733 -0.968750000000 0.656250000000 -0.218750000000
1341234267725 -0.906250000000 0.843750000000 -0.281250000000
1341234267745 -0.750000000000 0.906250000000 -0.187500000000
1341234267765 -0.687500000000 0.812500000000 -0.312500000000
1341234267785 -0.437500000000 0.625000000000 -0.250000000000
1341234267805 -0.593750000000 0.562500000000 0.093750000000
1341234267825 -0.937500000000 0.875000000000 -0.031250000000
1341234267845 -0.906250000000 1.031250000000 -0.437500000000
1341234267865 -1.031250000000 0.937500000000 -0.406250000000
1341234267885 -0.562500000000 1.375000000000 -0.562500000000
1341234267905 -0.593750000000 1.187500000000 -0.218750000000
1341234267941 -0.750000000000 1.062500000000 0.062500000000
1341234267961 -0.781250000000 0.843750000000 0.031250000000
1341234267981 -0.718750000000 0.593750000000 0.218750000000
1341234268000 -0.718750000000 0.781250000000 0.125000000000
1341234268021 -0.781250000000 0.406250000000 0.093750000000
1341234268041 -0.750000000000 0.093750000000 0.031250000000
1341234268061 -0.468750000000 0.281250000000 0.062500000000
1341234268057 -0.718750000000 0.281250000000 0.062500000000
1341234268077 -0.187500000000 0.250000000000 0.093750000000
1341234268097 -0.343750000000 0.156250000000 0.093750000000
1341234268117 -0.375000000000 0.468750000000 -0.062500000000
1341234268137 -0.656250000000 0.406250000000 -0.281250000000
1341234268157 -0.750000000000 0.406250000000 -0.343750000000
1341234268177 -0.875000000000 1.000000000000 -0.187500000000
1341234268197 -0.437500000000 1.281250000000 0.000000000000
1341234268217 -0.375000000000 1.875000000000 -0.093750000000
1341234268237 -1.187500000000 1.593750000000 -0.093750000000
1341234268257 -1.093750000000 1.593750000000 -0.375000000000
1341234268277 -1.375000000000 1.187500000000 -0.406250000000
1341234268297 -0.656250000000 1.218750000000 -0.500000000000
1341234268317 -0.625000000000 0.875000000000 -0.281250000000
1341234268337 -0.593750000000 0.937500000000 0.000000000000
1341234268357 -0.281250000000 0.843750000000 0.187500000000
1341234268385 -0.500000000000 0.531250000000 0.218750000000
1341234268405 -0.437500000000 0.812500000000 0.062500000000
1341234268425 -0.437500000000 0.687500000000 -0.062500000000
1341234268445 -0.500000000000 0.718750000000 -0.031250000000
1341234268465 -0.562500000000 0.718750000000 0.062500000000
1341234268485 -0.531250000000 0.593750000000 0.281250000000
1341234268505 -0.468750000000 0.531250000000 0.406250000000
1341234268525 -0.406250000000 0.531250000000 0.375000000000
1341234268545 -0.312500000000 0.531250000000 0.375000000000
1341234268561 -0.281250000000 0.531250000000 0.375000000000
1341234268581 -0.375000000000 0.500000000000 0.437500000000
1341234268601 -0.468750000000 0.500000000000 0.468750000000
1341234268621 -0.562500000000 0.500000000000 0.437500000000
1341234268641 -0.468750000000 0.531250000000 0.437500000000
1341234268661 -0.343750000000 0.593750000000 0.500000000000
1341234268681 -0.281250000000 0.656250000000 0.468750000000
1341234268701 -0.437500000000 0.625000000000 0.406250000000
1341234268697 -0.187500000000 0.593750000000 0.625000000000
1341234268717 -0.281250000000 0.437500000000 0.656250000000
1341234268737 -0.187500000000 0.468750000000 0.562500000000
1341234268757 -0.593750000000 0.281250000000 0.593750000000
1341234268777 -0.718750000000 0.562500000000 0.625000000000
1341234268797 -0.531250000000 0.781250000000 0.375000000000
1341234268817 -0.468750000000 0.656250000000 0.250000000000
1341234268837 -0.531250000000 0.500000000000 0.187500000000
1341234268857 -0.531250000000 0.437500000000 0.375000000000
1341234268873 -2.031250000000 -0.031250000000 0.437500000000
1341234268893 -1.437500000000 0.468750000000 0.875000000000
1341234268913 -1.156250000000 0.500000000000 0.750000000000
1341234268933 -0.812500000000 0.468750000000 0.625000000000
1341234268953 -0.593750000000 0.500000000000 0.343750000000
1341234268973 -0.250000000000 0.375000000000 -0.062500000000
1341234268993 -0.593750000000 0.250000000000 0.406250000000
1341234269013 -0.375000000000 0.218750000000 0.343750000000
1341234269029 0.218750000000 0.250000000000 0.375000000000
1341234269049 -0.312500000000 0.125000000000 0.656250000000
1341234269069 -0.406250000000 0.000000000000 1.062500000000
1341234269089 0.031250000000 0.062500000000 0.968750000000
1341234269109 -0.218750000000 0.031250000000 0.750000000000
1341234269129 -0.406250000000 -0.218750000000 0.875000000000
1341234269149 -0.093750000000 -0.781250000000 0.906250000000
1341234269169 0.156250000000 -0.468750000000 1.062500000000
1341234269185 -0.187500000000 0.125000000000 0.937500000000
1341234269205 -0.250000000000 -0.093750000000 0.718750000000
1341234269225 -0.031250000000 -0.250000000000 0.468750000000
1341234269245 0.187500000000 -0.281250000000 0.250000000000
1341234269265 0.281250000000 -0.343750000000 0.937500000000
1341234269285 0.406250000000 -0.406250000000 1.156250000000
1341234269305 -0.031250000000 -0.125000000000 0.843750000000
1341234269325 -0.375000000000 0.531250000000 0.437500000000
1341234269336 -0.187500000000 0.343750000000 0.843750000000
1341234269356 0.156250000000 0.031250000000 1.218750000000
1341234269376 0.250000000000 -0.062500000000 0.937500000000
1341234269396 0.093750000000 0.062500000000 0.968750000000
1341234269416 0.031250000000 0.250000000000 1.375000000000
1341234269436 0.125000000000 0.281250000000 1.187500000000
1341234269456 0.312500000000 0.218750000000 0.718750000000
1341234269476 0.562500000000 0.000000000000 0.781250000000
1341234269496 0.437500000000 0.031250000000 1.062500000000
1341234269512 0.218750000000 0.250000000000 1.156250000000
1341234269532 0.250000000000 0.281250000000 1.000000000000
1341234269552 0.500000000000 0.125000000000 0.937500000000
1341234269572 0.531250000000 0.062500000000 1.125000000000
1341234269592 0.468750000000 0.093750000000 0.968750000000
1341234269612 0.437500000000 0.218750000000 0.750000000000
1341234269632 0.468750000000 0.156250000000 0.718750000000
1341234269652 0.218750000000 -0.156250000000 0.125000000000
1341234269668 0.593750000000 0.062500000000 0.750000000000
1341234269688 0.437500000000 -0.093750000000 0.593750000000
1341234269708 0.531250000000 -0.093750000000 0.656250000000
1341234269728 0.468750000000 0.031250000000 0.812500000000
1341234269748 0.531250000000 -0.031250000000 0.781250000000
1341234269768 0.656250000000 -0.031250000000 0.656250000000
1341234269788 0.531250000000 0.000000000000 0.562500000000
1341234269808 0.718750000000 -0.062500000000 0.750000000000
1341234269824 0.718750000000 -0.031250000000 0.875000000000
1341234269844 0.625000000000 -0.093750000000 0.906250000000
1341234269864 0.656250000000 -0.031250000000 0.687500000000
1341234269884 0.687500000000 -0.062500000000 0.593750000000
1341234269904 0.593750000000 -0.031250000000 0.593750000000
1341234269924 0.718750000000 -0.093750000000 0.718750000000
1341234269944 0.718750000000 -0.156250000000 1.062500000000
1341234269964 0.156250000000 -0.218750000000 0.812500000000
1341234269976 0.812500000000 -0.062500000000 0.625000000000
1341234269996 0.750000000000 -0.125000000000 0.531250000000
1341234270016 0.781250000000 -0.125000000000 0.531250000000
1341234270036 0.750000000000 -0.093750000000 0.562500000000
1341234270056 0.625000000000 -0.125000000000 0.500000000000
1341234270076 0.718750000000 -0.125000000000 0.968750000000
1341234270096 0.093750000000 -0.125000000000 0.531250000000
1341234270116 0.156250000000 -0.125000000000 0.875000000000
1341234270136 0.312500000000 -0.156250000000 0.812500000000
1341234270147 0.281250000000 -0.156250000000 1.031250000000
1341234270167 0.125000000000 -0.218750000000 1.156250000000
1341234270187 -0.062500000000 0.031250000000 0.906250000000
1341234270207 -0.062500000000 -0.125000000000 0.781250000000
1341234270227 -0.406250000000 -0.281250000000 0.812500000000
1341234270247 0.406250000000 -0.093750000000 0.875000000000
1341234270267 0.281250000000 -0.125000000000 1.218750000000
1341234270287 0.000000000000 -0.312500000000 0.750000000000
1341234270307 0.031250000000 -0.156250000000 0.843750000000
1341234270323 0.031250000000 -0.187500000000 0.875000000000
1341234270343 0.031250000000 -0.125000000000 0.875000000000
1341234270363 0.031250000000 -0.125000000000 0.906250000000
1341234270383 0.031250000000 -0.156250000000 0.906250000000
1341234270403 0.031250000000 -0.156250000000 0.875000000000
1341234270423 0.031250000000 -0.125000000000 0.875000000000
1341234270443 0.031250000000 -0.125000000000 0.875000000000
1341234270463 0.031250000000 -0.125000000000 0.906250000000
1341234270479 0.031250000000 -0.125000000000 0.906250000000
1341234270499 0.031250000000 -0.125000000000 0.875000000000
1341234270519 0.062500000000 -0.125000000000 0.875000000000
1341234270539 0.031250000000 -0.125000000000 0.906250000000
1341234270559 0.031250000000 -0.125000000000 0.875000000000
1341234270579 0.031250000000 -0.125000000000 0.906250000000
1341234270599 0.031250000000 -0.125000000000 0.906250000000
1341234270619 0.062500000000 -0.125000000000 0.875000000000
1341234270631 0.031250000000 -0.125000000000 0.875000000000
1341234270651 0.031250000000 -0.125000000000 0.875000000000
1341234270671 0.031250000000 -0.125000000000 0.875000000000
1341234270691 0.031250000000 -0.156250000000 0.875000000000
1341234270711 0.062500000000 -0.125000000000 0.875000000000
1341234270731 0.031250000000 -0.125000000000 0.906250000000
1341234270751 0.031250000000 -0.125000000000 0.906250000000
1341234270771 0.031250000000 -0.125000000000 0.875000000000
1341234270791 0.031250000000 -0.125000000000 0.906250000000
1341234270807 0.031250000000 -0.125000000000 0.875000000000
1341234270827 0.031250000000 -0.156250000000 0.875000000000
1341234270847 0.031250000000 -0.125000000000 0.875000000000
1341234270867 0.031250000000 -0.156250000000 0.906250000000
1341234270887 0.031250000000 -0.125000000000 0.875000000000
1341234270907 0.031250000000 -0.156250000000 0.875000000000
1341234270927 0.031250000000 -0.125000000000 0.875000000000
1341234270947 0.031250000000 -0.125000000000 0.875000000000
1341234270963 0.031250000000 -0.125000000000 0.906250000000
1341234270983 0.031250000000 -0.125000000000 0.875000000000
1341234271003 0.031250000000 -0.125000000000 0.875000000000
1341234271023 0.062500000000 -0.125000000000 0.875000000000
1341234271043 0.031250000000 -0.125000000000 0.875000000000
1341234271063 0.031250000000 -0.125000000000 0.906250000000
1341234271083 0.031250000000 -0.125000000000 0.875000000000
1341234271103 0.031250000000 -0.125000000000 0.875000000000
1341234271103 0.031250000000 -0.156250000000 0.906250000000
1341234271123 0.031250000000 -0.125000000000 0.906250000000
1341234271143 0.031250000000 -0.125000000000 0.906250000000
1341234271163 0.031250000000 -0.125000000000 0.906250000000
1341234271183 0.031250000000 -0.125000000000 0.875000000000
1341234271203 0.031250000000 -0.125000000000 0.875000000000
1341234271223 0.031250000000 -0.125000000000 0.906250000000
1341234271243 0.031250000000 -0.125000000000 0.875000000000
1341234271255 0.031250000000 -0.125000000000 0.875000000000
1341234271275 0.031250000000 -0.125000000000 0.875000000000
1341234271295 0.062500000000 -0.125000000000 0.906250000000
1341234271315 0.031250000000 -0.125000000000 0.875000000000
1341234271335 0.031250000000 -0.125000000000 0.906250000000
1341234271355 0.031250000000 -0.125000000000 0.875000000000
1341234271375 0.031250000000 -0.125000000000 0.906250000000
1341234271395 0.031250000000 -0.156250000000 0.875000000000
1341234271415 0.031250000000 -0.125000000000 0.906250000000
1341234271427 0.031250000000 -0.156250000000 0.906250000000
1341234271447 0.031250000000 -0.125000000000 0.906250000000
1341234271467 0.031250000000 -0.125000000000 0.875000000000
1341234271487 0.031250000000 -0.125000000000 0.906250000000
1341234271507 0.031250000000 -0.125000000000 0.875000000000
1341234271527 0.031250000000 -0.125000000000 0.906250000000
1341234271547 0.062500000000 -0.125000000000 0.875000000000
1341234271567 0.031250000000 -0.125000000000 0.875000000000
1341234271587 0.031250000000 -0.125000000000 0.906250000000
1341234271607 0.031250000000 -0.125000000000 0.875000000000
1341234271627 0.031250000000 -0.125000000000 0.875000000000
1341234271647 0.031250000000 -0.125000000000 0.875000000000
1341234271667 0.031250000000 -0.125000000000 0.875000000000
1341234271687 0.031250000000 -0.125000000000 0.875000000000
1341234271707 0.031250000000 -0.125000000000 0.875000000000
1341234271727 0.031250000000 -0.125000000000 0.875000000000
1341234271739 0.031250000000 -0.125000000000 0.875000000000
1341234271759 0.031250000000 -0.125000000000 0.875000000000
1341234271779 0.031250000000 -0.125000000000 0.875000000000
1341234271799 0.062500000000 -0.125000000000 0.906250000000
1341234271819 0.031250000000 -0.125000000000 0.875000000000
1341234271839 0.031250000000 -0.125000000000 0.875000000000
1341234271859 0.031250000000 -0.125000000000 0.875000000000
1341234271879 0.031250000000 -0.125000000000 0.875000000000
1341234271899 0.031250000000 -0.125000000000 0.906250000000
1341234271930 0.031250000000 -0.125000000000 0.906250000000
1341234271950 0.062500000000 -0.125000000000 0.875000000000
1341234271970 0.031250000000 -0.125000000000 0.906250000000
1341234271990 0.031250000000 -0.125000000000 0.875000000000
1341234272010 0.031250000000 -0.125000000000 0.906250000000
1341234272030 0.031250000000 -0.125000000000 0.875000000000
1341234272050 0.031250000000 -0.125000000000 0.875000000000
1341234272070 0.031250000000 -0.125000000000 0.906250000000
1341234272071 0.031250000000 -0.125000000000 0.875000000000
1341234272091 0.062500000000 -0.125000000000 0.875000000000
1341234272111 0.031250000000 -0.125000000000 0.906250000000
1341234272131 0.031250000000 -0.125000000000 0.906250000000
1341234272151 0.031250000000 -0.156250000000 0.906250000000
1341234272171 0.031250000000 -0.125000000000 0.875000000000
1341234272191 0.031250000000 -0.156250000000 0.906250000000
1341234272211 0.031250000000 -0.125000000000 0.906250000000
1341234272222 0.031250000000 -0.125000000000 0.875000000000
1341234272242 0.062500000000 -0.125000000000 0.875000000000
1341234272262 0.031250000000 -0.125000000000 0.906250000000
1341234272282 0.031250000000 -0.156250000000 0.906250000000
1341234272302 0.031250000000 -0.125000000000 0.906250000000
1341234272322 0.031250000000 -0.125000000000 0.875000000000
1341234272342 0.031250000000 -0.125000000000 0.906250000000
1341234272362 0.031250000000 -0.125000000000 0.906250000000
1341234272382 0.031250000000 -0.125000000000 0.875000000000
1341234272409 0.031250000000 -0.125000000000 0.875000000000
1341234272429 0.062500000000 -0.125000000000 0.875000000000
1341234272449 0.031250000000 -0.125000000000 0.906250000000
1341234272469 0.062500000000 -0.125000000000 0.875000000000
1341234272489 0.031250000000 -0.125000000000 0.906250000000
1341234272509 0.031250000000 -0.156250000000 0.875000000000
1341234272529 0.031250000000 -0.125000000000 0.906250000000
1341234272549 0.031250000000 -0.156250000000 0.875000000000
1341234272569 0.031250000000 -0.125000000000 0.875000000000
1341234272570 0.031250000000 -0.125000000000 0.875000000000
1341234272590 0.031250000000 -0.125000000000 0.875000000000
1341234272610 0.031250000000 -0.125000000000 0.875000000000
1341234272630 0.031250000000 -0.125000000000 0.875000000000
1341234272650 0.062500000000 -0.125000000000 0.906250000000
1341234272670 0.031250000000 -0.125000000000 0.875000000000
1341234272690 0.031250000000 -0.125000000000 0.875000000000
1341234272710 0.031250000000 -0.125000000000 0.875000000000
1341234272730 0.031250000000 -0.125000000000 0.906250000000
1341234272750 0.031250000000 -0.125000000000 0.906250000000
1341234272770 0.031250000000 -0.125000000000 0.875000000000
1341234272790 0.031250000000 -0.125000000000 0.906250000000
1341234272810 0.031250000000 -0.125000000000 0.875000000000
1341234272830 0.031250000000 -0.125000000000 0.875000000000
1341234272850 0.031250000000 -0.125000000000 0.906250000000
1341234272866 0.031250000000 -0.125000000000 0.906250000000
1341234272886 0.031250000000 -0.125000000000 0.906250000000
1341234272906 0.031250000000 -0.125000000000 0.906250000000
1341234272926 0.031250000000 -0.125000000000 0.906250000000
1341234272946 0.031250000000 -0.125000000000 0.875000000000
1341234272966 0.062500000000 -0.125000000000 0.875000000000
1341234272986 0.062500000000 -0.125000000000 0.875000000000
1341234273006 0.031250000000 -0.125000000000 0.875000000000
1341234273022 0.031250000000 -0.125000000000 0.875000000000
1341234273042 0.031250000000 -0.125000000000 0.875000000000
1341234273062 0.031250000000 -0.125000000000 0.906250000000
1341234273082 0.062500000000 -0.156250000000 0.875000000000
1341234273102 0.031250000000 -0.125000000000 0.906250000000
1341234273122 0.031250000000 -0.125000000000 0.875000000000
1341234273142 0.031250000000 -0.125000000000 0.906250000000
1341234273162 0.031250000000 -0.156250000000 0.875000000000
1341234273174 0.031250000000 -0.156250000000 0.875000000000
1341234273194 0.031250000000 -0.125000000000 0.875000000000
1341234273214 0.031250000000 -0.125000000000 0.875000000000
1341234273234 0.031250000000 -0.125000000000 0.875000000000
1341234273254 0.031250000000 -0.125000000000 0.875000000000
1341234273274 0.031250000000 -0.125000000000 0.875000000000
1341234273294 0.031250000000 -0.125000000000 0.875000000000
1341234273314 0.062500000000 -0.156250000000 0.906250000000
1341234273334 0.031250000000 -0.156250000000 0.875000000000
